3AAAA	AAAA	142	3	8109	4	153	81023	7	1481	0.0175114070785547	0.00188835268997692	0.00472653612424038	0.107835577204386	0.269911841066656	0.188873709135521	9	0.173514754971422	4.93	0.320674044265593	0.292841063132486	AA
3AAAC	AAAC	70	3	8109	4	242	81023	12	1481	0.00863238377111851	0.00298680621551905	0.00810263335584065	0.346000165737771	0.938632198321597	0.642316182029684	16	0.625754798881065	17.14	1.02891156462585	0.436407141786216	AA
3AAAG	AAAG	73	3	8109	4	309	81023	13	1481	0.00900234307559502	0.00381373190328672	0.0087778528021607	0.423637698681535	0.97506312839344	0.699350413537487	18	0.675043704272382	17.81	1.25978473581213	0.461336491251423	AA
3AAAT	AAAT	164	3	8109	4	390	81023	18	1481	0.0202244419780491	0.0048134480332745	0.012153950033761	0.238001525011115	0.60095354160834	0.419477533309728	24	0.40063569440556	10.98	0.707752613240418	0.390331023250322	AA
3AACA	AACA	46	3	8109	4	84	81023	4	1481	0.00567270933530645	0.00103674265332066	0.00270087778528022	0.182759699473418	0.476117781757332	0.329438740615375	5	0.297573613598332	8.7	0.543478260869565	0.357807882284055	AA
3AACC	AACC	45	3	8109	4	256	81023	11	1481	0.00554938956714761	0.00315959665773916	0.00742741390952059	0.569359317724597	1.33841998649561	0.953889652110104	15	0.912559081701553	24.44	1.69312169312169	0.497742166710571	AA
3AACG	AACG	3	3	8109	4	0	0	0	0	0.000369959304476508	NA	NA	NA	NA	NA	0	NA	0	0.0297373142128969	0	AA
3AACT	AACT	83	3	8109	4	336	81023	13	1481	0.0102355407571834	0.00414697061328265	0.0087778528021607	0.405154032567578	0.857585643044833	0.631369837806206	18	0.593713137492577	15.66	1.20481927710843	0.455842844539432	AA
3AAGA	AAGA	49	3	8109	4	116	81023	3	1481	0.00604266863978296	0.00143169223553806	0.00202565833896016	0.236930455877104	0.335225785114856	0.28607812049598	5	0.279354820929047	6.12	0.704567541302235	0.38977558877962	AA
3AAGC	AAGC	32	3	8109	4	156	81023	9	1481	0.00394623258108275	0.0019253792133098	0.00607697501688049	0.487903126272787	1.53994345037137	1.01392328832208	11	0.941076553004726	28.12	1.45089285714286	0.478729246808754	AA
3AAGG	AAGG	27	3	8109	4	48	81023	3	1481	0.00332963374028857	0.000592424373326093	0.00202565833896016	0.177924786788937	0.608372721134369	0.393148753961653	4	0.405581814089579	11.11	0.529100529100529	0.354506215877956	AA
3AAGT	AAGT	99	3	8109	4	250	81023	13	1481	0.0122086570477248	0.0030855436110734	0.0087778528021607	0.252734072143376	0.718985943158799	0.485860007651087	17	0.47010619360383	13.13	0.751563251563252	0.397727191900328	AA
3AATA	AATA	72	3	8109	4	150	81023	7	1481	0.00887902330743618	0.00185132616664404	0.00472653612424038	0.208505609518285	0.532326130992573	0.370415870255429	9	0.342209655638082	9.72	0.620039682539683	0.374037597460351	AA
3AATC	AATC	44	3	8109	4	176	81023	5	1481	0.00542606979898878	0.00217222270219567	0.00337609723160027	0.400330770275107	0.622199373887422	0.511265072081265	8	0.497759499109938	11.36	1.19047619047619	0.454368039125149	AA
3AATG	AATG	57	3	8109	4	286	81023	11	1481	0.00702922678505364	0.00352986189106797	0.00742741390952059	0.502169299555617	1.05664735775969	0.779408328657655	15	0.7204413802907	19.3	1.49331662489557	0.482278333377961	AA
3AATT	AATT	154	3	8109	4	203	81023	11	1481	0.0189912442964607	0.0025054614121916	0.00742741390952059	0.131927185658842	0.391096749300666	0.261511967479754	14	0.248879749554969	7.14	0.392316017316017	0.317672286058177	AA
3ACAA	ACAA	27	3	8109	4	132	81023	5	1481	0.00332963374028857	0.00162916702664675	0.00337609723160027	0.489293163669575	1.01395453522395	0.751623849446762	7	0.709768174656764	18.52	1.45502645502646	0.479079587813805	AC
3ACAC	ACAC	16	3	8109	4	99	81023	3	1481	0.00197311629054137	0.00122187526998507	0.00202565833896016	0.619261660269306	1.02662896691425	0.822945313591777	5	0.855524139095206	18.75	1.84151785714286	0.508088319892171	AC
3ACAG	ACAG	12	3	8109	4	47	81023	2	1481	0.00147983721790603	0.000580082198881799	0.00135043889264011	0.391990545894376	0.912559081701553	0.652274813797964	3	0.684419311276165	16.67	1.1656746031746	0.451775421676665	AC
3ACAT	ACAT	47	3	8109	4	152	81023	6	1481	0.00579602910346529	0.00187601051553263	0.00405131667792032	0.323671686605406	0.698981424282041	0.511326555443723	8	0.465987616188027	12.77	0.962512664640324	0.428192207069484	AC
3ACCA	ACCA	22	3	8109	4	48	81023	3	1481	0.00271303489949439	0.000592424373326093	0.00202565833896016	0.218362238331877	0.746639248664907	0.482500743498392	4	0.497759499109938	13.64	0.649350649350649	0.379725578812896	AC
3ACCC	ACCC	16	3	8109	4	36	81023	2	1481	0.00197311629054137	0.000444318279994569	0.00135043889264011	0.225186058279748	0.684419311276165	0.454802684777956	3	0.513314483457123	12.5	0.669642857142857	0.383514947956322	AC
3ACCT	ACCT	33	3	8109	4	19	81023	2	1481	0.00406955234924158	0.000234501314441578	0.00135043889264011	0.0576233684486897	0.331839666073292	0.194731517260991	2	0.165919833036646	6.06	0.171356421356421	0.215668760477143	AC
3ACGC	ACGC	1	3	8109	4	0	0	0	0	0.000123319768158836	NA	NA	NA	NA	NA	0	NA	0	0.0297373142128969	0	AC
3ACGG	ACGG	1	3	8109	4	0	0	0	0	0.000123319768158836	NA	NA	NA	NA	NA	0	NA	0	0.0297373142128969	0	AC
3ACGT	ACGT	2	3	8109	4	0	0	0	0	0.000246639536317672	NA	NA	NA	NA	NA	0	NA	0	0.0297373142128969	0	AC
3ACTA	ACTA	13	3	8109	4	33	81023	2	1481	0.00160315698606487	0.000407291756661689	0.00135043889264011	0.25405606575151	0.842362229262972	0.548209147507241	3	0.631771671947229	15.38	0.755494505494505	0.398369655000556	AC
3ACTC	ACTC	12	3	8109	4	107	81023	3	1481	0.00147983721790603	0.00132061266553941	0.00202565833896016	0.892404008738259	1.36883862255233	1.13062131564529	5	1.14069885212694	25	2.65376984126984	0.553084321272449	AC
3ACTG	ACTG	21	3	8109	4	13	81023	1	1481	0.00258971513133555	0.000160448267775817	0.000675219446320054	0.0619559525425761	0.260731166200444	0.16134355937151	1	0.130365583100222	4.76	0.184240362811791	0.224596203142344	AC
3ACTT	ACTT	62	3	8109	4	39	81023	3	1481	0.00764582562584782	0.00048134480332745	0.00202565833896016	0.0629552420997144	0.264936507590773	0.163945874845244	4	0.176624338393849	4.84	0.18721198156682	0.226566561660847	AC
3AGAA	AGAA	50	3	8109	4	271	81023	8	1481	0.00616598840794179	0.00334472927440356	0.00540175557056043	0.54244819372277	0.876056718433491	0.709252456078131	12	0.657042538825118	16	1.61309523809524	0.491779602448392	AG
3AGAC	AGAC	15	3	8109	4	128	81023	4	1481	0.00184979652238254	0.00157979832886958	0.00270087778528022	0.854038976586895	1.46009453072248	1.15706675365469	6	1.09507089804186	26.67	2.53968253968254	0.547673078334167	AG
3AGAG	AGAG	19	3	8109	4	72	81023	2	1481	0.00234307559501788	0.000888636559989139	0.00135043889264011	0.379260729734312	0.57635310423256	0.477806916983436	3	0.43226482817442	10.53	1.12781954887218	0.447709943044883	AG
3AGAT	AGAT	52	3	8109	4	171	81023	7	1481	0.00641262794425946	0.00211051182997421	0.00472653612424038	0.329118085178093	0.737066950605101	0.533092517891597	10	0.526476393289357	13.46	0.978708791208791	0.430247114015762	AG
3AGCA	AGCA	25	3	8109	4	138	81023	6	1481	0.0030829942039709	0.00170322007331252	0.00405131667792032	0.552456462979648	1.31408507765024	0.933270770314942	8	0.876056718433491	24	1.64285714285714	0.494030940841815	AG
3AGCC	AGCC	27	3	8109	4	134	81023	4	1481	0.00332963374028857	0.00165385137553534	0.00270087778528022	0.496706696452448	0.811163628179158	0.653935162315803	6	0.608372721134369	14.81	1.47707231040564	0.48093142391679	AG
3AGCG	AGCG	1	3	8109	4	0	0	0	0	0.000123319768158836	NA	NA	NA	NA	NA	0	NA	0	0.0297373142128969	0	AG
3AGCT	AGCT	37	3	8109	4	329	81023	11	1481	0.00456283142187693	0.00406057539217259	0.00742741390952059	0.889924482571015	1.62780809168385	1.25886628712743	16	1.18386043031553	29.73	2.6463963963964	0.552741689817723	AG
3AGGA	AGGA	14	3	8109	4	27	81023	2	1481	0.0017264767542237	0.000333238709995927	0.00135043889264011	0.193016621382641	0.782193498601331	0.487605059991986	2	0.391096749300666	14.29	0.573979591836735	0.364532096368711	AG
3AGGC	AGGC	12	3	8109	4	78	81023	4	1481	0.00147983721790603	0.0009626896066549	0.00270087778528022	0.650537501697049	1.82511816340311	1.23782783255008	5	1.14069885212694	33.33	1.93452380952381	0.514155792393167	AG
3AGGG	AGGG	14	3	8109	4	65	81023	3	1481	0.0017264767542237	0.000802241338879084	0.00202565833896016	0.464669644069321	1.173290247902	0.818979945985659	4	0.782193498601331	21.43	1.38180272108844	0.472720992765363	AG
3AGGT	AGGT	25	3	8109	4	23	81023	1	1481	0.0030829942039709	0.000283870012218753	0.000675219446320054	0.0920760771632746	0.219014179608373	0.155545128385824	1	0.109507089804186	4	0.273809523809524	0.2733851148022	AG
3AGTA	AGTA	28	3	8109	4	44	81023	2	1481	0.0034529535084474	0.000543055675548918	0.00135043889264011	0.157272802608078	0.391096749300666	0.274184775954372	3	0.293322561975499	7.14	0.467687074829932	0.339312733433771	AG
3AGTC	AGTC	15	3	8109	4	129	81023	4	1481	0.00184979652238254	0.00159214050331387	0.00270087778528022	0.86071115609148	1.46009453072248	1.16040284340698	6	1.09507089804186	26.67	2.55952380952381	0.548631408308521	AG
3AGTG	AGTG	20	3	8109	4	68	81023	1	1481	0.00246639536317672	0.000839267862211964	0.000675219446320054	0.340281154733841	0.273767724510466	0.307024439622153	2	0.273767724510466	5	1.01190476190476	0.434354681271061	AG
3AGTT	AGTT	48	3	8109	4	151	81023	9	1481	0.00591934887162412	0.00186366834108833	0.00607697501688049	0.31484347037261	1.02662896691425	0.670736218643429	11	0.627384368669818	18.75	0.936259920634921	0.424786749836679	AG
3ATAA	ATAA	46	3	8109	4	142	81023	8	1481	0.00567270933530645	0.00175258877108969	0.00540175557056043	0.308950920538398	0.952235563514664	0.630593242026531	10	0.595147227196665	17.39	0.918737060041408	0.422460155210414	AT
3ATAC	ATAC	23	3	8109	4	60	81023	4	1481	0.00283635466765322	0.000740530466657616	0.00270087778528022	0.261085284962026	0.952235563514664	0.606660424238345	5	0.595147227196665	17.39	0.77639751552795	0.401730539864261	AT
3ATAG	ATAG	15	3	8109	4	43	81023	3	1481	0.00184979652238254	0.000530713501104625	0.00202565833896016	0.28690371869716	1.09507089804186	0.690987308369512	4	0.730047265361242	20	0.853174603174603	0.413343039476915	AT
3ATAT	ATAT	69	3	8109	4	146	81023	7	1481	0.00850906400295967	0.00180195746886686	0.00472653612424038	0.21176917558031	0.555470745383554	0.383619960481932	9	0.357088336317999	10.14	0.629744651483782	0.375950151903304	AT
3ATCA	ATCA	19	3	8109	4	42	81023	3	1481	0.00234307559501788	0.000518371326660331	0.00202565833896016	0.221235425678349	0.86452965634884	0.542882541013594	4	0.57635310423256	15.79	0.657894736842105	0.381335337424485	AT
3ATCC	ATCC	20	3	8109	4	120	81023	4	1481	0.00246639536317672	0.00148106093331523	0.00270087778528022	0.600496155412661	1.09507089804186	0.847783526727262	6	0.821303173531398	20	1.78571428571429	0.504298950748745	AT
3ATCG	ATCG	4	3	8109	4	13	81023	1	1481	0.000493279072635343	0.000160448267775817	0.000675219446320054	0.325268750848524	1.36883862255233	0.847053686700427	1	0.684419311276165	25	0.967261904761904	0.428798335185157	AT
3ATCT	ATCT	55	3	8109	4	121	81023	8	1481	0.00678258724873597	0.00149340310775953	0.00540175557056043	0.220181923651309	0.796415198575901	0.508298561113605	10	0.497759499109938	14.55	0.654761904761905	0.380747533061575	AT
3ATGA	ATGA	23	3	8109	4	119	81023	1	1481	0.00283635466765322	0.00146871875887094	0.000675219446320054	0.517819148508019	0.238058890878666	0.377939019693342	3	0.357088336317999	4.35	1.53985507246377	0.486057490805795	AT
3ATGC	ATGC	20	3	8109	4	117	81023	5	1481	0.00246639536317672	0.00144403440998235	0.00337609723160027	0.585483751527344	1.36883862255233	0.977161187039837	7	0.958187035786631	25	1.74107142857143	0.501181194848946	AT
3ATGG	ATGG	10	3	8109	4	53	81023	4	1481	0.00123319768158836	0.000654135245547561	0.00270087778528022	0.530438270614517	2.19014179608373	1.36029003334912	5	1.36883862255233	40	1.57738095238095	0.489022514592958	AT
3ATGT	ATGT	64	3	8109	4	170	81023	6	1481	0.0078924651621655	0.00209816965552991	0.00405131667792032	0.265844652135813	0.513314483457123	0.389579567796468	9	0.384985862592843	9.38	0.790550595238095	0.40395515122986	AT
3ATTA	ATTA	53	3	8109	4	71	81023	5	1481	0.0065359477124183	0.000876294385544845	0.00337609723160027	0.134073040988361	0.516542876434841	0.325307958711601	6	0.309925725860905	9.43	0.398697214734951	0.319659176211069	AT
3ATTC	ATTC	51	3	8109	4	56	81023	5	1481	0.00628930817610063	0.000691161768880441	0.00337609723160027	0.10989472125199	0.536799459824443	0.323347090538217	6	0.322079675894666	9.8	0.326797385620915	0.295170370567424	AT
3ATTG	ATTG	29	3	8109	4	38	81023	2	1481	0.00357627327660624	0.000469002628883157	0.00135043889264011	0.131142838538397	0.377610654497194	0.254376746517796	3	0.283207990872896	6.9	0.389983579638752	0.316937967959701	AT
3ATTT	ATTT	264	3	8109	4	140	81023	8	1481	0.0325564187939327	0.0017279044222011	0.00540175557056043	0.0530741551501089	0.165919833036646	0.109496994093377	10	0.103699895647904	3.03	0.157828282828283	0.205541567944296	AT
3CAAA	CAAA	44	3	8109	4	0	0	0	0	0.00542606979898878	NA	NA	NA	NA	NA	0	NA	0	0.0297373142128969	0	CA
3CAAC	CAAC	21	3	8109	4	0	0	0	0	0.00258971513133555	NA	NA	NA	NA	NA	0	NA	0	0.0297373142128969	0	CA
3CAAG	CAAG	23	3	8109	4	69	81023	1	1481	0.00283635466765322	0.000851610036656258	0.000675219446320054	0.30024807770633	0.238058890878666	0.269153484292498	2	0.238058890878666	4.35	0.892857142857143	0.418941493540735	CA
3CAAT	CAAT	81	3	8109	4	18	81023	2	1481	0.00998890122086571	0.000222159139997285	0.00135043889264011	0.0222405983486171	0.13519393802986	0.0787172681892384	2	0.0675969690149299	2.47	0.0661375661375661	0.0984338442539273	CA
3CACA	CACA	19	3	8109	4	15	81023	2	1481	0.00234307559501788	0.000185132616664404	0.00135043889264011	0.0790126520279817	0.57635310423256	0.327682878130271	2	0.28817655211628	10.53	0.234962406015038	0.254543080588671	CA
3CACC	CACC	23	3	8109	4	40	81023	3	1481	0.00283635466765322	0.000493686977771744	0.00202565833896016	0.174056856641351	0.714176672635998	0.444116764638674	4	0.476117781757332	13.04	0.5175983436853	0.351799628240665	CA
3CACG	CACG	2	3	8109	4	0	0	0	0	0.000246639536317672	NA	NA	NA	NA	NA	0	NA	0	0.0297373142128969	0	CA
3CACT	CACT	42	3	8109	4	40	81023	3	1481	0.00517943026267111	0.000493686977771744	0.00202565833896016	0.0953168500655017	0.391096749300666	0.243206799683084	4	0.260731166200444	7.14	0.283446712018141	0.277644870665739	CA
3CAGA	CAGA	24	3	8109	4	0	0	0	0	0.00295967443581206	NA	NA	NA	NA	NA	0	NA	0	0.0297373142128969	0	CA
3CAGC	CAGC	24	3	8109	4	0	0	0	0	0.00295967443581206	NA	NA	NA	NA	NA	0	NA	0	0.0297373142128969	0	CA
3CAGG	CAGG	23	3	8109	4	0	0	0	0	0.00283635466765322	NA	NA	NA	NA	NA	0	NA	0	0.0297373142128969	0	CA
3CAGT	CAGT	41	3	8109	4	0	0	0	0	0.00505611049451227	NA	NA	NA	NA	NA	0	NA	0	0.0297373142128969	0	CA
3CATA	CATA	42	3	8109	4	0	0	0	0	0.00517943026267111	NA	NA	NA	NA	NA	0	NA	0	0.0297373142128969	0	CA
3CATC	CATC	26	3	8109	4	0	0	0	0	0.00320631397212973	NA	NA	NA	NA	NA	0	NA	0	0.0297373142128969	0	CA
3CATG	CATG	32	3	8109	4	0	0	0	0	0.00394623258108275	NA	NA	NA	NA	NA	0	NA	0	0.0297373142128969	0	CA
3CATT	CATT	103	3	8109	4	58	81023	1	1481	0.0127019361203601	0.000715846117769029	0.000675219446320054	0.056357244359117	0.0531587814583429	0.05475801290873	2	0.0531587814583429	0.97	0.167591308368007	0.21293280420569	CA
3CCAA	CCAA	24	3	8109	4	69	81023	4	1481	0.00295967443581206	0.000851610036656258	0.00270087778528022	0.287737741135233	0.912559081701553	0.600148411418393	5	0.570349426063471	16.67	0.855654761904762	0.413700499177017	CC
3CCAC	CCAC	18	3	8109	4	175	81023	6	1481	0.00221975582685905	0.00215988052775138	0.00405131667792032	0.973026177751996	1.82511816340311	1.39907217057755	9	1.36883862255233	33.33	2.89351851851852	0.563735363463981	CC
3CCAG	CCAG	9	3	8109	4	27	81023	2	1481	0.00110987791342952	0.000333238709995927	0.00135043889264011	0.30024807770633	1.21674544226874	0.758496759987534	2	0.608372721134369	22.22	0.892857142857143	0.418941493540735	CC
3CCAT	CCAT	30	3	8109	4	121	81023	5	1481	0.00369959304476508	0.00149340310775953	0.00337609723160027	0.4036668600274	0.912559081701553	0.658112970864476	7	0.638791357191087	16.67	1.20039682539683	0.455389993373827	CC
3CCCA	CCCA	17	3	8109	4	24	81023	1	1481	0.00209643605870021	0.000296212186663046	0.000675219446320054	0.141293213038273	0.322079675894666	0.231686444466469	1	0.161039837947333	5.88	0.420168067226891	0.326118430603409	CC
3CCCC	CCCC	9	3	8109	4	0	0	0	0	0.00110987791342952	NA	NA	NA	NA	NA	0	NA	0	0.0297373142128969	0	CC
3CCCG	CCCG	4	3	8109	4	29	81023	1	1481	0.000493279072635343	0.000357923058884514	0.000675219446320054	0.725599521123632	1.36883862255233	1.04721907183798	1	0.684419311276165	25	2.1577380952381	0.527603115202036	CC
3CCCT	CCCT	40	3	8109	4	20	81023	1	1481	0.00493279072635343	0.000246843488885872	0.000675219446320054	0.0500413462843884	0.136883862255233	0.0934626042698107	1	0.0684419311276165	2.5	0.148809523809524	0.19829566750112	CC
3CCGA	CCGA	5	3	8109	4	0	0	0	0	0.000616598840794179	NA	NA	NA	NA	NA	0	NA	0	0.0297373142128969	0	CC
3CCGC	CCGC	2	3	8109	4	0	0	0	0	0.000246639536317672	NA	NA	NA	NA	NA	0	NA	0	0.0297373142128969	0	CC
3CCGT	CCGT	4	3	8109	4	0	0	0	0	0.000493279072635343	NA	NA	NA	NA	NA	0	NA	0	0.0297373142128969	0	CC
3CCTA	CCTA	10	3	8109	4	0	0	0	0	0.00123319768158836	NA	NA	NA	NA	NA	0	NA	0	0.0297373142128969	0	CC
3CCTC	CCTC	16	3	8109	4	0	0	0	0	0.00197311629054137	NA	NA	NA	NA	NA	0	NA	0	0.0297373142128969	0	CC
3CCTG	CCTG	16	3	8109	4	14	81023	1	1481	0.00197311629054137	0.00017279044222011	0.000675219446320054	0.0875723559976797	0.342209655638082	0.214891005817881	1	0.171104827819041	6.25	0.260416666666667	0.267209430712328	CC
3CCTT	CCTT	42	3	8109	4	33	81023	3	1481	0.00517943026267111	0.000407291756661689	0.00202565833896016	0.0786364013040389	0.391096749300666	0.234866575302352	4	0.260731166200444	7.14	0.233843537414966	0.253955276225761	CC
3CGAC	CGAC	2	3	8109	4	0	0	0	0	0.000246639536317672	NA	NA	NA	NA	NA	0	NA	0	0.0297373142128969	0	CG
3CGAG	CGAG	2	3	8109	4	0	0	0	0	0.000246639536317672	NA	NA	NA	NA	NA	0	NA	0	0.0297373142128969	0	CG
3CGAT	CGAT	3	3	8109	4	0	0	0	0	0.000369959304476508	NA	NA	NA	NA	NA	0	NA	0	0.0297373142128969	0	CG
3CGCA	CGCA	2	3	8109	4	0	0	0	0	0.000246639536317672	NA	NA	NA	NA	NA	0	NA	0	0.0297373142128969	0	CG
3CGCC	CGCC	3	3	8109	4	0	0	0	0	0.000369959304476508	NA	NA	NA	NA	NA	0	NA	0	0.0297373142128969	0	CG
3CGCT	CGCT	2	3	8109	4	0	0	0	0	0.000246639536317672	NA	NA	NA	NA	NA	0	NA	0	0.0297373142128969	0	CG
3CGGA	CGGA	1	3	8109	4	0	0	0	0	0.000123319768158836	NA	NA	NA	NA	NA	0	NA	0	0.0297373142128969	0	CG
3CGGC	CGGC	2	3	8109	4	0	0	0	0	0.000246639536317672	NA	NA	NA	NA	NA	0	NA	0	0.0297373142128969	0	CG
3CGGG	CGGG	4	3	8109	4	13	81023	1	1481	0.000493279072635343	0.000160448267775817	0.000675219446320054	0.325268750848524	1.36883862255233	0.847053686700427	1	0.684419311276165	25	0.967261904761904	0.428798335185157	CG
3CGGT	CGGT	3	3	8109	4	15	81023	1	1481	0.000369959304476508	0.000185132616664404	0.000675219446320054	0.500413462843884	1.82511816340311	1.1627658131235	1	0.912559081701553	33.33	1.48809523809524	0.481847002708553	CG
3CGTA	CGTA	2	3	8109	4	0	0	0	0	0.000246639536317672	NA	NA	NA	NA	NA	0	NA	0	0.0297373142128969	0	CG
3CGTG	CGTG	3	3	8109	4	0	0	0	0	0.000369959304476508	NA	NA	NA	NA	NA	0	NA	0	0.0297373142128969	0	CG
3CGTT	CGTT	7	3	8109	4	0	0	0	0	0.000863238377111851	NA	NA	NA	NA	NA	0	NA	0	0.0297373142128969	0	CG
3CTAA	CTAA	16	3	8109	4	0	0	0	0	0.00197311629054137	NA	NA	NA	NA	NA	0	NA	0	0.0297373142128969	0	CT
3CTAC	CTAC	10	3	8109	4	0	0	0	0	0.00123319768158836	NA	NA	NA	NA	NA	0	NA	0	0.0297373142128969	0	CT
3CTAG	CTAG	7	3	8109	4	2	81023	1	1481	0.000863238377111851	2.46843488885872e-05	0.000675219446320054	0.0285950550196505	0.782193498601331	0.405394276810491	1	0.391096749300666	14.29	0.0850340136054422	0.129381904289912	CT
3CTAT	CTAT	27	3	8109	4	0	0	0	0	0.00332963374028857	NA	NA	NA	NA	NA	0	NA	0	0.0297373142128969	0	CT
3CTCA	CTCA	19	3	8109	4	5	81023	1	1481	0.00234307559501788	6.1710872221468e-05	0.000675219446320054	0.0263375506759939	0.28817655211628	0.157257051396137	1	0.14408827605814	5.26	0.0783208020050125	0.119254711757066	CT
3CTCC	CTCC	22	3	8109	4	0	0	0	0	0.00271303489949439	NA	NA	NA	NA	NA	0	NA	0	0.0297373142128969	0	CT
3CTCG	CTCG	1	3	8109	4	0	0	0	0	0.000123319768158836	NA	NA	NA	NA	NA	0	NA	0	0.0297373142128969	0	CT
3CTCT	CTCT	45	3	8109	4	0	0	0	0	0.00554938956714761	NA	NA	NA	NA	NA	0	NA	0	0.0297373142128969	0	CT
3CTGA	CTGA	20	3	8109	4	8	81023	1	1481	0.00246639536317672	9.87373955543488e-05	0.000675219446320054	0.0400330770275107	0.273767724510466	0.156900400768988	1	0.136883862255233	5	0.119047619047619	0.170816703917716	CT
3CTGC	CTGC	19	3	8109	4	0	0	0	0	0.00234307559501788	NA	NA	NA	NA	NA	0	NA	0	0.0297373142128969	0	CT
3CTGG	CTGG	14	3	8109	4	0	0	0	0	0.0017264767542237	NA	NA	NA	NA	NA	0	NA	0	0.0297373142128969	0	CT
3CTGT	CTGT	39	3	8109	4	8	81023	1	1481	0.0048094709581946	9.87373955543488e-05	0.000675219446320054	0.0205297830910311	0.140393704877162	0.0804617439840966	1	0.070196852438581	2.56	0.061050061050061	0.0885770026095052	CT
3CTTA	CTTA	38	3	8109	4	0	0	0	0	0.00468615119003576	NA	NA	NA	NA	NA	0	NA	0	0.0297373142128969	0	CT
3CTTC	CTTC	43	3	8109	4	4	81023	1	1481	0.00530275003082994	4.93686977771744e-05	0.000675219446320054	0.00931001791337458	0.127333825353705	0.0683219216335398	1	0.0636669126768525	2.33	0.0297373142128969	0	CT
3CTTG	CTTG	38	3	8109	4	0	0	0	0	0.00468615119003576	NA	NA	NA	NA	NA	0	NA	0	0.0297373142128969	0	CT
3CTTT	CTTT	135	3	8109	4	28	81023	2	1481	0.0166481687014428	0.000345580884440221	0.00135043889264011	0.0207578917920426	0.0811163628179158	0.0509371273049792	2	0.0405581814089579	1.48	0.0617283950617284	0.0899377322581348	CT
3GAAA	GAAA	74	3	8109	4	2406	81023	49	1481	0.00912566284375385	0.0296952717129704	0.0330857528696826	3.25403997730374	3.62557256784131	3.43980627257252	86	3.18162490647298	66.22	9.67664092664093	0.712400863401108	GA
3GAAC	GAAC	43	3	8109	4	2248	81023	34	1481	0.00530275003082994	0.027745208150772	0.0229574611748818	5.23223006731652	4.32935006202597	4.78079006467124	68	4.32935006202597	79.07	15.5592469545958	0.770887281274307	GA
3GAAG	GAAG	43	3	8109	4	2151	81023	32	1481	0.00530275003082994	0.0265480172296755	0.0216070222822417	5.00646213291718	4.07468241131856	4.54057227211787	65	4.13834932399541	74.42	14.8878737541528	0.765455601241926	GA
3GAAT	GAAT	108	3	8109	4	5044	81023	72	1481	0.0133185349611543	0.0622539278970169	0.0486158001350439	4.67423241960102	3.65023632680621	4.16223437320362	149	3.77698064370921	66.67	13.8999118165785	0.756999921109939	GA
3GACA	GACA	32	3	8109	4	1038	81023	18	1481	0.00394623258108275	0.0128111770731768	0.012153950033761	3.2464323401997	3.07988690074274	3.16315962047122	34	2.9087820729237	56.25	9.65401785714286	0.712112625506659	GA
3GACC	GACC	24	3	8109	4	598	81023	16	1481	0.00295967443581206	0.00738062031768757	0.0108035111411209	2.49372708983869	3.65023632680621	3.07198170832245	25	2.85174713031735	66.67	7.4156746031746	0.679629712445468	GA
3GACG	GACG	3	3	8109	4	38	81023	2	1481	0.000369959304476508	0.000469002628883157	0.00135043889264011	1.26771410587117	3.65023632680621	2.45897521633869	3	2.73767724510466	66.67	3.76984126984127	0.59631450403702	GA
3GACT	GACT	42	3	8109	4	1823	81023	25	1481	0.00517943026267111	0.0224997840119472	0.0168804861580014	4.34406544173524	3.25913957750555	3.80160250962039	53	3.45468795215588	59.52	12.9180839002268	0.747979034766002	GA
3GAGA	GAGA	34	3	8109	4	1121	81023	15	1481	0.00419287211740042	0.0138355775520531	0.0101282916948008	3.29978524616467	2.41559756920999	2.85769140768733	32	2.57663740715733	44.12	9.81267507002801	0.71411997624715	GA
3GAGC	GAGC	29	3	8109	4	1146	81023	15	1481	0.00357627327660624	0.0141441319131605	0.0101282916948008	3.95499192013166	2.83207990872896	3.39353591443031	32	3.02088523597755	51.72	11.7610837438424	0.736424102775619	GA
3GAGG	GAGG	20	3	8109	4	1089	81023	15	1481	0.00246639536317672	0.0134406279698357	0.0101282916948008	5.44950261036989	4.10651586765699	4.77800923901344	32	4.38028359216745	75	16.2053571428571	0.775897642660635	GA
3GAGT	GAGT	51	3	8109	4	2222	81023	37	1481	0.00628930817610063	0.0274243116152204	0.024983119513842	4.36046554682004	3.97231600270088	4.16639077476046	71	3.81127616475354	72.55	12.9668534080299	0.74844306659691	GA
3GATA	GATA	47	3	8109	4	1307	81023	26	1481	0.00579602910346529	0.0161312219986917	0.0175557056043214	2.78315062100832	3.02891950522218	2.90603506311525	46	2.67942879308116	55.32	8.27634245187437	0.693151648226759	GA
3GATC	GATC	18	3	8109	4	840	81023	11	1481	0.00221975582685905	0.0103674265332066	0.00742741390952059	4.67052565320958	3.34604996623903	4.0082878097243	24	3.65023632680621	61.11	13.8888888888889	0.756902225920193	GA
3GATG	GATG	41	3	8109	4	2821	81023	32	1481	0.00505611049451227	0.0348172741073522	0.0216070222822417	6.88617745698827	4.27344740699264	5.57981243199046	75	5.0079461800695	78.05	20.4776422764228	0.804712510818456	GA
3GATT	GATT	93	3	8109	4	3959	81023	56	1481	0.0114687384387717	0.0488626686249583	0.037812288993923	4.26050946107298	3.29698765001851	3.77874855554575	116	3.41473720894775	60.22	12.6696108550947	0.745587328858336	GA
3GCAA	GCAA	24	3	8109	4	994	81023	17	1481	0.00295967443581206	0.0122681213976278	0.0114787305874409	4.1450915172235	3.8783760972316	4.01173380722755	32	3.65023632680621	70.83	12.3263888888889	0.742205295681932	GC
3GCAC	GCAC	10	3	8109	4	275	81023	5	1481	0.00123319768158836	0.00339409797218074	0.00337609723160027	2.75227404564136	2.73767724510466	2.74497564537301	9	2.46390952059419	50	8.18452380952381	0.691777831852411	GC
3GCAG	GCAG	14	3	8109	4	632	81023	13	1481	0.0017264767542237	0.00780025424879355	0.0087778528021607	4.51801869310478	5.08425774090865	4.80113821700672	23	4.49761261695765	92.86	13.4353741496599	0.752814056959123	GC
3GCAT	GCAT	29	3	8109	4	810	81023	14	1481	0.00357627327660624	0.00999716129987781	0.00945307224848076	2.79541313726583	2.64327458148036	2.7193438593731	26	2.45446925423176	48.28	8.3128078817734	0.69369303033406	GC
3GCCA	GCCA	20	3	8109	4	930	81023	12	1481	0.00246639536317672	0.011478222233193	0.00810263335584065	4.65384520444812	3.28521269412559	3.96952894928686	26	3.55898041863606	60	13.8392857142857	0.756461635896652	GC
3GCCC	GCCC	23	3	8109	4	595	81023	12	1481	0.00283635466765322	0.00734359379435469	0.00810263335584065	2.58909574254009	2.85670669054399	2.72290121654204	21	2.49961835422599	52.17	7.69927536231884	0.684251368805218	GC
3GCCG	GCCG	3	3	8109	4	43	81023	1	1481	0.000369959304476508	0.000530713501104625	0.000675219446320054	1.4345185934858	1.82511816340311	1.62981837844445	2	1.82511816340311	33.33	4.26587301587302	0.611536917476338	GC
3GCCT	GCCT	46	3	8109	4	2543	81023	34	1481	0.00567270933530645	0.0313861496118386	0.0229574611748818	5.53283233048694	4.04700114493732	4.78991673771213	73	4.34457475853565	73.91	16.4531573498965	0.777766428680797	GC
3GCGG	GCGG	2	3	8109	4	0	0	0	0	0.000246639536317672	NA	NA	NA	NA	NA	0	NA	0	0.0297373142128969	0	GC
3GCGT	GCGT	1	3	8109	4	0	0	0	0	0.000123319768158836	NA	NA	NA	NA	NA	0	NA	0	0.0297373142128969	0	GC
3GCTA	GCTA	16	3	8109	4	530	81023	10	1481	0.00197311629054137	0.00654135245547561	0.00675219446320054	3.31523919134073	3.42209655638082	3.36866787386078	18	3.07988690074274	62.5	9.85863095238095	0.714695356175785	GC
3GCTC	GCTC	19	3	8109	4	1064	81023	13	1481	0.00234307559501788	0.0131320736087284	0.0087778528021607	5.6046307838515	3.74629517751164	4.67546298068157	29	4.17856000568606	68.42	16.6666666666667	0.779354173960385	GC
3GCTG	GCTG	13	3	8109	4	528	81023	8	1481	0.00160315698606487	0.00651666810658702	0.00540175557056043	4.06489705202416	3.36944891705189	3.71717298453803	16	3.36944891705189	61.54	12.0879120879121	0.739799483832594	GC
3GCTT	GCTT	25	3	8109	4	911	81023	14	1481	0.0030829942039709	0.0112437209187515	0.00945307224848076	3.64701331720623	3.06619851451722	3.35660591586172	28	3.06619851451722	56	10.8452380952381	0.726440756071911	GC
3GGAA	GGAA	14	3	8109	4	591	81023	10	1481	0.0017264767542237	0.00729422509657751	0.00675219446320054	4.22491937915336	3.91096749300666	4.06794343608001	19	3.71541911835632	71.43	12.5637755102041	0.744554320721978	GG
3GGAC	GGAC	19	3	8109	4	787	81023	17	1481	0.00234307559501788	0.00971329128765906	0.0114787305874409	4.14553047640144	4.89900138597676	4.5222659311891	29	4.17856000568606	89.47	12.327694235589	0.742218335845042	GG
3GGAG	GGAG	17	3	8109	4	773	81023	15	1481	0.00209643605870021	0.00954050084543895	0.0101282916948008	4.55081890327438	4.83119513841999	4.69100702084718	27	4.34807562457799	88.24	13.5329131652661	0.753704841967043	GG
3GGAT	GGAT	30	3	8109	4	2042	81023	28	1481	0.00369959304476508	0.0252027202152475	0.0189061444969615	6.81229527418141	5.1103308575287	5.96131306585505	59	5.38409858203916	93.33	20.2579365079365	0.80338414472038	GG
3GGCA	GGCA	18	3	8109	4	1403	81023	16	1481	0.00221975582685905	0.0173160707453439	0.0108035111411209	7.80088987077743	4.86698176907495	6.33393581992619	37	5.62744767049291	88.89	23.1977513227513	0.820071334432793	GG
3GGCC	GGCC	13	3	8109	4	607	81023	13	1481	0.00160315698606487	0.00749169988768621	0.0087778528021607	4.67309187609596	5.47535449020932	5.07422318315264	22	4.63299226094635	100	13.8965201465201	0.756969869305698	GG
3GGCG	GGCG	2	3	8109	4	78	81023	2	1481	0.000246639536317672	0.0009626896066549	0.00135043889264011	3.90322501018229	5.47535449020932	4.68928975019581	3	4.10651586765699	100	11.6071428571429	0.734801618432782	GG
3GGCT	GGCT	41	3	8109	4	1978	81023	37	1481	0.00505611049451227	0.0244128210508127	0.024983119513842	4.82837965612294	4.94117356433524	4.88477661022909	67	4.47376525419542	90.24	14.3583042973287	0.760995473633996	GG
3GGGA	GGGA	9	3	8109	4	552	81023	7	1481	0.00110987791342952	0.00681288029325007	0.00472653612424038	6.13840514421831	4.25860904794058	5.19850709607945	15	4.56279540850776	77.78	18.2539682539683	0.790556873593468	GG
3GGGC	GGGC	8	3	8109	4	388	81023	7	1481	0.000986558145270687	0.00478876368438591	0.00472653612424038	4.85401058958567	4.79093517893315	4.82247288425941	13	4.44872552329507	87.5	14.4345238095238	0.7616474455047	GG
3GGGG	GGGG	14	3	8109	4	760	81023	10	1481	0.0017264767542237	0.00938005257766313	0.00675219446320054	5.4330604537336	3.91096749300666	4.67201397337013	22	4.30206424230732	71.43	16.156462585034	0.775525530448832	GG
3GGGT	GGGT	35	3	8109	4	1703	81023	27	1481	0.00431619188555925	0.021018723078632	0.0182309250506415	4.86973786984648	4.22384489244719	4.54679138114683	53	4.14562554258706	77.14	14.4812925170068	0.762045796854089	GG
3GGTA	GGTA	17	3	8109	4	686	81023	16	1481	0.00209643605870021	0.00846673166878541	0.0108035111411209	4.03863100601064	5.15327481431465	4.59595291016265	26	4.18703578663065	94.12	12.0098039215686	0.739001180237465	GG
3GGTC	GGTC	10	3	8109	4	704	81023	10	1481	0.00123319768158836	0.00868889080878269	0.00675219446320054	7.04582155684188	5.47535449020932	6.2605880235256	21	5.74912221471978	100	20.952380952381	0.807534819101622	GG
3GGTG	GGTG	18	3	8109	4	882	81023	16	1481	0.00221975582685905	0.010885797859867	0.0108035111411209	4.90405193587006	4.86698176907495	4.88551685247251	29	4.41070222822417	88.89	14.5833333333333	0.762910479963583	GG
3GGTT	GGTT	33	3	8109	4	2507	81023	31	1481	0.00406955234924158	0.030941831331844	0.0209318028359217	7.60325182636131	5.14351482413603	6.37338332524867	69	5.72423423976429	93.94	22.6100288600289	0.816911219495639	GG
3GTAA	GTAA	11	3	8109	4	359	81023	7	1481	0.00135651744974719	0.0044308406255014	0.00472653612424038	3.26633514838099	3.48431649376957	3.37532582107528	12	2.98655699465963	63.64	9.71320346320346	0.712865280832742	GT
3GTAC	GTAC	12	3	8109	4	467	81023	6	1481	0.00147983721790603	0.00576379546548511	0.00405131667792032	3.89488478580156	2.73767724510466	3.31628101545311	13	2.96581701553005	50	11.5823412698413	0.734538207037765	GT
3GTAG	GTAG	14	3	8109	4	471	81023	5	1481	0.0017264767542237	0.00581316416326228	0.00337609723160027	3.36706772856385	1.95548374650333	2.66127573753359	12	2.34658049580399	35.71	10.0127551020408	0.716605637127674	GT
3GTAT	GTAT	35	3	8109	4	1584	81023	23	1481	0.00431619188555925	0.0195500043197611	0.0155300472653612	4.52945671511264	3.59809009356612	4.06377340433938	47	3.67630944342626	65.71	13.469387755102	0.753125421929598	GT
3GTCA	GTCA	22	3	8109	4	603	81023	11	1481	0.00271303489949439	0.00744233118990904	0.00742741390952059	2.7431756190442	2.73767724510466	2.74042643207443	20	2.48879749554969	50	8.15746753246753	0.691370067306932	GT
3GTCC	GTCC	16	3	8109	4	373	81023	11	1481	0.00197311629054137	0.00460363106772151	0.00742741390952059	2.33317777050961	3.76430621201891	3.04874199126426	17	2.9087820729237	68.75	6.93824404761905	0.671434768901191	GT
3GTCT	GTCT	43	3	8109	4	1427	81023	23	1481	0.00530275003082994	0.017612282932007	0.0155300472653612	3.32134889059638	2.92867798313522	3.1250134368658	45	2.86501107045836	53.49	9.87679955703211	0.714922092497308	GT
3GTGA	GTGA	7	3	8109	4	123	81023	3	1481	0.000863238377111851	0.00151808745664811	0.00202565833896016	1.75859588370851	2.34658049580399	2.05258818975625	5	1.95548374650333	42.86	5.22959183673469	0.636619831887382	GT
3GTGC	GTGC	14	3	8109	4	540	81023	9	1481	0.0017264767542237	0.00666477419991854	0.00607697501688049	3.86033242765282	3.51987074370599	3.6901015856794	17	3.32432236905566	64.29	11.4795918367347	0.733440888784153	GT
3GTGG	GTGG	13	3	8109	4	1340	81023	10	1481	0.00160315698606487	0.0165385137553534	0.00675219446320054	10.3162160032431	4.21181114631486	7.264013574779	30	6.31771671947229	76.92	30.6776556776557	0.854487740726993	GT
3GTGT	GTGT	39	3	8109	4	1033	81023	15	1481	0.0048094709581946	0.0127494662009553	0.0101282916948008	2.65090824162939	2.10590557315743	2.37840690739341	31	2.17610242559601	38.46	7.88308913308913	0.687156801601517	GT
3GTTA	GTTA	31	3	8109	4	809	81023	19	1481	0.00382291281292391	0.00998481912543352	0.012829169480081	2.61183542864969	3.35586242948313	2.98384892906641	31	2.73767724510466	61.29	7.76689708141321	0.685328211162843	GT
3GTTC	GTTC	34	3	8109	4	1590	81023	23	1481	0.00419287211740042	0.0196240573664268	0.0155300472653612	4.6803376818928	3.70391627278866	4.19212697734073	47	3.78443619176232	67.65	13.9180672268908	0.757160662070064	GT
3GTTG	GTTG	28	3	8109	4	1794	81023	19	1481	0.0034529535084474	0.0221418609530627	0.012829169480081	6.41244108815663	3.71541911835632	5.06393010325647	46	4.49761261695765	67.86	19.0688775510204	0.795935229689462	GT
3GTTT	GTTT	117	3	8109	4	4234	81023	59	1481	0.0144284128745838	0.0522567665971391	0.0398379473328832	3.62179590030941	2.76107619591752	3.19143604811346	124	2.90146990079468	50.43	10.7702482702483	0.725586309180493	GT
3TAAA	TAAA	76	3	8109	4	0	0	0	0	0.00937230238007153	NA	NA	NA	NA	NA	0	NA	0	0.0297373142128969	0	TA
3TAAC	TAAC	24	3	8109	4	0	0	0	0	0.00295967443581206	NA	NA	NA	NA	NA	0	NA	0	0.0297373142128969	0	TA
3TAAG	TAAG	19	3	8109	4	0	0	0	0	0.00234307559501788	NA	NA	NA	NA	NA	0	NA	0	0.0297373142128969	0	TA
3TAAT	TAAT	78	3	8109	4	0	0	0	0	0.0096189419163892	NA	NA	NA	NA	NA	0	NA	0	0.0297373142128969	0	TA
3TACA	TACA	37	3	8109	4	0	0	0	0	0.00456283142187693	NA	NA	NA	NA	NA	0	NA	0	0.0297373142128969	0	TA
3TACC	TACC	20	3	8109	4	0	0	0	0	0.00246639536317672	NA	NA	NA	NA	NA	0	NA	0	0.0297373142128969	0	TA
3TACG	TACG	3	3	8109	4	0	0	0	0	0.000369959304476508	NA	NA	NA	NA	NA	0	NA	0	0.0297373142128969	0	TA
3TACT	TACT	47	3	8109	4	0	0	0	0	0.00579602910346529	NA	NA	NA	NA	NA	0	NA	0	0.0297373142128969	0	TA
3TAGA	TAGA	18	3	8109	4	0	0	0	0	0.00221975582685905	NA	NA	NA	NA	NA	0	NA	0	0.0297373142128969	0	TA
3TAGC	TAGC	20	3	8109	4	0	0	0	0	0.00246639536317672	NA	NA	NA	NA	NA	0	NA	0	0.0297373142128969	0	TA
3TAGG	TAGG	22	3	8109	4	0	0	0	0	0.00271303489949439	NA	NA	NA	NA	NA	0	NA	0	0.0297373142128969	0	TA
3TAGT	TAGT	41	3	8109	4	18	81023	1	1481	0.00505611049451227	0.000222159139997285	0.000675219446320054	0.0439387430789752	0.13354523146852	0.0887419872737476	1	0.06677261573426	2.44	0.130662020905923	0.182280303606477	TA
3TATA	TATA	32	3	8109	4	0	0	0	0	0.00394623258108275	NA	NA	NA	NA	NA	0	NA	0	0.0297373142128969	0	TA
3TATC	TATC	37	3	8109	4	0	0	0	0	0.00456283142187693	NA	NA	NA	NA	NA	0	NA	0	0.0297373142128969	0	TA
3TATG	TATG	34	3	8109	4	0	0	0	0	0.00419287211740042	NA	NA	NA	NA	NA	0	NA	0	0.0297373142128969	0	TA
3TATT	TATT	163	3	8109	4	0	0	0	0	0.0201011222098902	NA	NA	NA	NA	NA	0	NA	0	0.0297373142128969	0	TA
3TCAA	TCAA	17	3	8109	4	25	81023	1	1481	0.00209643605870021	0.00030855436110734	0.000675219446320054	0.147180430248201	0.322079675894666	0.234630053071433	1	0.161039837947333	5.88	0.437675070028011	0.331145446146621	TC
3TCAC	TCAC	15	3	8109	4	34	81023	1	1481	0.00184979652238254	0.000419633931105982	0.000675219446320054	0.226854103155894	0.365023632680621	0.295938867918258	2	0.365023632680621	6.67	0.674603174603175	0.384423769647465	TC
3TCAG	TCAG	14	3	8109	4	16	81023	1	1481	0.0017264767542237	0.000197474791108698	0.000675219446320054	0.114380220078602	0.391096749300666	0.252738484689634	1	0.195548374650333	7.14	0.340136054421769	0.300096818705931	TC
3TCAT	TCAT	30	3	8109	4	0	0	0	0	0.00369959304476508	NA	NA	NA	NA	NA	0	NA	0	0.0297373142128969	0	TC
3TCCA	TCCA	12	3	8109	4	0	0	0	0	0.00147983721790603	NA	NA	NA	NA	NA	0	NA	0	0.0297373142128969	0	TC
3TCCC	TCCC	19	3	8109	4	0	0	0	0	0.00234307559501788	NA	NA	NA	NA	NA	0	NA	0	0.0297373142128969	0	TC
3TCCT	TCCT	28	3	8109	4	0	0	0	0	0.0034529535084474	NA	NA	NA	NA	NA	0	NA	0	0.0297373142128969	0	TC
3TCGA	TCGA	1	3	8109	4	0	0	0	0	0.000123319768158836	NA	NA	NA	NA	NA	0	NA	0	0.0297373142128969	0	TC
3TCGC	TCGC	2	3	8109	4	0	0	0	0	0.000246639536317672	NA	NA	NA	NA	NA	0	NA	0	0.0297373142128969	0	TC
3TCGT	TCGT	4	3	8109	4	12	81023	2	1481	0.000493279072635343	0.000148106093331523	0.00135043889264011	0.30024807770633	2.73767724510466	1.51896266140549	2	1.36883862255233	50	0.892857142857143	0.418941493540735	TC
3TCTA	TCTA	18	3	8109	4	0	0	0	0	0.00221975582685905	NA	NA	NA	NA	NA	0	NA	0	0.0297373142128969	0	TC
3TCTC	TCTC	27	3	8109	4	0	0	0	0	0.00332963374028857	NA	NA	NA	NA	NA	0	NA	0	0.0297373142128969	0	TC
3TCTG	TCTG	27	3	8109	4	0	0	0	0	0.00332963374028857	NA	NA	NA	NA	NA	0	NA	0	0.0297373142128969	0	TC
3TCTT	TCTT	50	3	8109	4	0	0	0	0	0.00616598840794179	NA	NA	NA	NA	NA	0	NA	0	0.0297373142128969	0	TC
3TGAA	TGAA	23	3	8109	4	0	0	0	0	0.00283635466765322	NA	NA	NA	NA	NA	0	NA	0	0.0297373142128969	0	TG
3TGAC	TGAC	23	3	8109	4	0	0	0	0	0.00283635466765322	NA	NA	NA	NA	NA	0	NA	0	0.0297373142128969	0	TG
3TGAG	TGAG	16	3	8109	4	0	0	0	0	0.00197311629054137	NA	NA	NA	NA	NA	0	NA	0	0.0297373142128969	0	TG
3TGAT	TGAT	34	3	8109	4	0	0	0	0	0.00419287211740042	NA	NA	NA	NA	NA	0	NA	0	0.0297373142128969	0	TG
3TGCA	TGCA	16	3	8109	4	0	0	0	0	0.00197311629054137	NA	NA	NA	NA	NA	0	NA	0	0.0297373142128969	0	TG
3TGCC	TGCC	17	3	8109	4	0	0	0	0	0.00209643605870021	NA	NA	NA	NA	NA	0	NA	0	0.0297373142128969	0	TG
3TGCG	TGCG	2	3	8109	4	0	0	0	0	0.000246639536317672	NA	NA	NA	NA	NA	0	NA	0	0.0297373142128969	0	TG
3TGCT	TGCT	38	3	8109	4	0	0	0	0	0.00468615119003576	NA	NA	NA	NA	NA	0	NA	0	0.0297373142128969	0	TG
3TGGA	TGGA	9	3	8109	4	0	0	0	0	0.00110987791342952	NA	NA	NA	NA	NA	0	NA	0	0.0297373142128969	0	TG
3TGGC	TGGC	12	3	8109	4	0	0	0	0	0.00147983721790603	NA	NA	NA	NA	NA	0	NA	0	0.0297373142128969	0	TG
3TGGG	TGGG	10	3	8109	4	0	0	0	0	0.00123319768158836	NA	NA	NA	NA	NA	0	NA	0	0.0297373142128969	0	TG
3TGGT	TGGT	25	3	8109	4	16	81023	1	1481	0.0030829942039709	0.000197474791108698	0.000675219446320054	0.0640529232440171	0.219014179608373	0.141533551426195	1	0.109507089804186	4	0.19047619047619	0.228695197542321	TG
3TGTA	TGTA	31	3	8109	4	0	0	0	0	0.00382291281292391	NA	NA	NA	NA	NA	0	NA	0	0.0297373142128969	0	TG
3TGTC	TGTC	31	3	8109	4	9	81023	1	1481	0.00382291281292391	0.000111079569998642	0.000675219446320054	0.0290562655844836	0.176624338393849	0.102840301989166	1	0.0883121691969245	3.23	0.0864055299539171	0.131352262808415	TG
3TGTG	TGTG	33	3	8109	4	0	0	0	0	0.00406955234924158	NA	NA	NA	NA	NA	0	NA	0	0.0297373142128969	0	TG
3TGTT	TGTT	49	3	8109	4	0	0	0	0	0.00604266863978296	NA	NA	NA	NA	NA	0	NA	0	0.0297373142128969	0	TG
3TTAA	TTAA	39	3	8109	4	0	0	0	0	0.0048094709581946	NA	NA	NA	NA	NA	0	NA	0	0.0297373142128969	0	TT
3TTAC	TTAC	30	3	8109	4	0	0	0	0	0.00369959304476508	NA	NA	NA	NA	NA	0	NA	0	0.0297373142128969	0	TT
3TTAG	TTAG	18	3	8109	4	0	0	0	0	0.00221975582685905	NA	NA	NA	NA	NA	0	NA	0	0.0297373142128969	0	TT
3TTAT	TTAT	74	3	8109	4	0	0	0	0	0.00912566284375385	NA	NA	NA	NA	NA	0	NA	0	0.0297373142128969	0	TT
3TTCA	TTCA	36	3	8109	4	0	0	0	0	0.00443951165371809	NA	NA	NA	NA	NA	0	NA	0	0.0297373142128969	0	TT
3TTCC	TTCC	28	3	8109	4	0	0	0	0	0.0034529535084474	NA	NA	NA	NA	NA	0	NA	0	0.0297373142128969	0	TT
3TTCG	TTCG	3	3	8109	4	0	0	0	0	0.000369959304476508	NA	NA	NA	NA	NA	0	NA	0	0.0297373142128969	0	TT
3TTCT	TTCT	92	3	8109	4	0	0	0	0	0.0113454186706129	NA	NA	NA	NA	NA	0	NA	0	0.0297373142128969	0	TT
3TTGA	TTGA	18	3	8109	4	0	0	0	0	0.00221975582685905	NA	NA	NA	NA	NA	0	NA	0	0.0297373142128969	0	TT
3TTGC	TTGC	26	3	8109	4	0	0	0	0	0.00320631397212973	NA	NA	NA	NA	NA	0	NA	0	0.0297373142128969	0	TT
3TTGG	TTGG	25	3	8109	4	5	81023	1	1481	0.0030829942039709	6.1710872221468e-05	0.000675219446320054	0.0200165385137554	0.219014179608373	0.119515359061064	1	0.109507089804186	4	0.0595238095238095	0.0854592467097065	TT
3TTGT	TTGT	60	3	8109	4	0	0	0	0	0.00739918608953015	NA	NA	NA	NA	NA	0	NA	0	0.0297373142128969	0	TT
3TTTA	TTTA	86	3	8109	4	0	0	0	0	0.0106055000616599	NA	NA	NA	NA	NA	0	NA	0	0.0297373142128969	0	TT
3TTTC	TTTC	89	3	8109	4	0	0	0	0	0.0109754593661364	NA	NA	NA	NA	NA	0	NA	0	0.0297373142128969	0	TT
3TTTG	TTTG	69	3	8109	4	0	0	0	0	0.00850906400295967	NA	NA	NA	NA	NA	0	NA	0	0.0297373142128969	0	TT
3TTTT	TTTT	474	3	8109	4	0	0	0	0	0.0584535701072882	NA	NA	NA	NA	NA	0	NA	0	0.0297373142128969	0	TT
